15 0.145833 0.638889 0.168333 0.184444
15 0.086667 0.503333 0.143333 0.144444
15 0.052500 0.391111 0.101667 0.142222
15 0.220833 0.800000 0.151667 0.186667
15 0.295000 0.938889 0.140000 0.122222
15 0.731667 0.938889 0.140000 0.122222
15 0.641667 0.802222 0.136667 0.173333
15 0.558333 0.657778 0.136667 0.173333
15 0.483333 0.508889 0.136667 0.173333
15 0.413333 0.371111 0.136667 0.173333
15 0.350833 0.256667 0.108333 0.100000
15 0.297500 0.192222 0.108333 0.100000
15 0.244167 0.107778 0.108333 0.100000
15 0.196667 0.037778 0.100000 0.071111
15 0.485000 0.037778 0.100000 0.071111
15 0.543333 0.096667 0.100000 0.073333
15 0.610000 0.154444 0.100000 0.073333
15 0.678333 0.250000 0.106667 0.131111
15 0.741667 0.376667 0.106667 0.131111
15 0.820000 0.501111 0.106667 0.131111
15 0.908333 0.631111 0.126667 0.164444
