15 0.541045 0.835106 0.104478 0.159574
15 0.255597 0.736702 0.093284 0.111702
15 0.856343 0.843085 0.078358 0.090426
15 0.205224 0.196809 0.052239 0.074468
15 0.207090 0.513298 0.055970 0.079787
15 0.455224 0.492021 0.089552 0.132979
15 0.210821 0.050532 0.048507 0.079787
15 0.358209 0.130319 0.052239 0.069149
15 0.436567 0.247340 0.067164 0.090426
15 0.639925 0.079787 0.063433 0.095745
15 0.619403 0.234043 0.074627 0.117021
15 0.899254 0.218085 0.067164 0.095745
15 0.688433 0.444149 0.182836 0.164894
15 0.916045 0.438830 0.085821 0.132979
