15 0.177966 0.125000 0.040417 0.075000
15 0.346806 0.125000 0.046936 0.075000
15 0.523468 0.131250 0.048240 0.092500
15 0.718383 0.123750 0.044329 0.082500
15 0.176010 0.305000 0.046936 0.090000
15 0.348761 0.293750 0.043025 0.082500
15 0.524120 0.306250 0.046936 0.082500
15 0.717731 0.301250 0.048240 0.097500
15 0.175359 0.475000 0.048240 0.080000
15 0.355280 0.466250 0.048240 0.097500
15 0.533246 0.481250 0.046936 0.097500
15 0.714472 0.498750 0.049544 0.097500
15 0.176010 0.661250 0.046936 0.107500
15 0.348761 0.651250 0.045632 0.092500
15 0.531943 0.658750 0.052151 0.087500
15 0.713820 0.683750 0.048240 0.097500
15 0.172751 0.832500 0.048240 0.100000
15 0.357236 0.828750 0.052151 0.097500
15 0.535202 0.835000 0.045632 0.095000
15 0.716428 0.866250 0.048240 0.092500
