15 0.483333 0.695556 0.100000 0.137778
15 0.543333 0.528889 0.100000 0.137778
15 0.601667 0.373333 0.100000 0.137778
15 0.660000 0.228889 0.100000 0.137778
15 0.706667 0.102222 0.100000 0.137778
15 0.950000 0.208889 0.100000 0.137778
15 0.915000 0.355556 0.100000 0.137778
15 0.866667 0.513333 0.100000 0.137778
15 0.813333 0.673333 0.100000 0.137778
15 0.759167 0.865556 0.105000 0.153333
15 0.412500 0.878889 0.105000 0.153333
15 0.078333 0.770000 0.106667 0.153333
15 0.153333 0.616667 0.106667 0.153333
15 0.222500 0.463333 0.105000 0.153333
15 0.284167 0.326667 0.091667 0.124444
15 0.342500 0.200000 0.091667 0.124444
15 0.404167 0.080000 0.091667 0.124444
15 0.173333 0.108889 0.093333 0.124444
15 0.110000 0.231111 0.093333 0.124444
15 0.046667 0.364444 0.090000 0.124444
