15 0.132308 0.214000 0.043077 0.060000
15 0.293846 0.208000 0.046154 0.064000
15 0.460000 0.210000 0.046154 0.060000
15 0.618462 0.216000 0.049231 0.064000
15 0.773846 0.234000 0.040000 0.052000
15 0.778462 0.416000 0.043077 0.056000
15 0.621538 0.410000 0.043077 0.060000
15 0.456923 0.404000 0.046154 0.064000
15 0.289231 0.402000 0.049231 0.060000
15 0.129231 0.406000 0.049231 0.060000
15 0.132308 0.594000 0.043077 0.060000
15 0.296923 0.596000 0.046154 0.064000
15 0.463077 0.592000 0.040000 0.056000
15 0.627692 0.594000 0.043077 0.060000
15 0.780000 0.602000 0.040000 0.060000
15 0.781538 0.778000 0.036923 0.052000
15 0.629231 0.778000 0.040000 0.060000
15 0.467692 0.782000 0.043077 0.060000
15 0.307692 0.784000 0.043077 0.056000
15 0.144615 0.786000 0.043077 0.060000
