15 0.371667 0.370000 0.143333 0.180000
15 0.613333 0.296667 0.143333 0.180000
15 0.471667 0.183333 0.143333 0.180000
15 0.858333 0.232222 0.143333 0.180000
15 0.708333 0.130000 0.143333 0.180000
15 0.767500 0.416667 0.165000 0.193333
15 0.661667 0.620000 0.160000 0.213333
15 0.511667 0.484444 0.160000 0.213333
15 0.261667 0.568889 0.160000 0.213333
15 0.405000 0.693333 0.160000 0.213333
15 0.556667 0.826667 0.160000 0.213333
15 0.293333 0.893333 0.160000 0.213333
15 0.145000 0.746667 0.160000 0.213333
