15 0.131973 0.065728 0.032653 0.070423
15 0.132653 0.151408 0.034014 0.063380
15 0.128571 0.237089 0.039456 0.075117
15 0.123810 0.322770 0.038095 0.068075
15 0.120408 0.408451 0.034014 0.065728
15 0.116327 0.495305 0.039456 0.070423
15 0.114286 0.584507 0.038095 0.075117
15 0.110884 0.674883 0.039456 0.072770
15 0.107483 0.759390 0.038095 0.072770
15 0.285034 0.070423 0.039456 0.075117
15 0.283673 0.152582 0.039456 0.075117
15 0.280952 0.237089 0.039456 0.075117
15 0.276190 0.326291 0.038095 0.070423
15 0.277551 0.410798 0.038095 0.070423
15 0.274830 0.497653 0.038095 0.070423
15 0.270748 0.584507 0.038095 0.070423
15 0.268027 0.671362 0.038095 0.070423
15 0.266667 0.762911 0.038095 0.070423
15 0.438776 0.069249 0.036735 0.072770
15 0.436054 0.156103 0.036735 0.068075
15 0.434694 0.240610 0.036735 0.068075
15 0.431973 0.325117 0.036735 0.068075
15 0.430612 0.409624 0.036735 0.068075
15 0.427891 0.498826 0.036735 0.068075
15 0.426531 0.585681 0.036735 0.068075
15 0.423810 0.674883 0.036735 0.068075
15 0.421088 0.766432 0.036735 0.068075
15 0.589796 0.073944 0.036735 0.068075
15 0.589796 0.156103 0.036735 0.068075
15 0.588435 0.238263 0.036735 0.068075
15 0.588435 0.329812 0.036735 0.068075
15 0.587075 0.414319 0.036735 0.068075
15 0.584354 0.498826 0.036735 0.068075
15 0.582993 0.588028 0.036735 0.068075
15 0.581633 0.676056 0.036735 0.075117
15 0.580272 0.765258 0.036735 0.075117
15 0.738095 0.767606 0.039456 0.070423
15 0.739456 0.678404 0.039456 0.070423
15 0.740816 0.589202 0.039456 0.070423
15 0.740816 0.503521 0.039456 0.072770
15 0.740816 0.414319 0.039456 0.072770
15 0.742177 0.329812 0.039456 0.072770
15 0.742177 0.245305 0.039456 0.072770
15 0.743537 0.158451 0.039456 0.072770
15 0.746259 0.073944 0.039456 0.072770
15 0.923129 0.078638 0.039456 0.072770
15 0.921769 0.160798 0.039456 0.072770
15 0.923129 0.245305 0.039456 0.072770
15 0.920408 0.334507 0.039456 0.072770
15 0.921769 0.419014 0.039456 0.072770
15 0.921769 0.505869 0.039456 0.072770
15 0.921769 0.595070 0.039456 0.072770
15 0.921769 0.684272 0.039456 0.072770
15 0.920408 0.766432 0.039456 0.072770
