15 0.475000 0.568889 0.130000 0.146667
15 0.578333 0.406667 0.130000 0.146667
15 0.676667 0.264444 0.130000 0.146667
15 0.800000 0.522222 0.110000 0.133333
15 0.759167 0.130000 0.105000 0.113333
15 0.615000 0.055556 0.093333 0.088889
15 0.530000 0.168889 0.093333 0.088889
15 0.433333 0.301111 0.113333 0.113333
15 0.320000 0.445556 0.130000 0.131111
15 0.194167 0.613333 0.141667 0.155556
15 0.350000 0.760000 0.143333 0.177778
15 0.184167 0.336667 0.121667 0.117778
15 0.295833 0.205556 0.121667 0.117778
15 0.174167 0.125556 0.121667 0.117778
15 0.061667 0.247778 0.120000 0.117778
15 0.274167 0.028889 0.118333 0.053333
15 0.055833 0.822222 0.108333 0.186667
