15 0.362308 0.800407 0.155385 0.158859
15 0.137692 0.628310 0.115385 0.181263
15 0.295385 0.604888 0.123077 0.150713
15 0.143077 0.421589 0.110769 0.089613
15 0.292308 0.384929 0.116923 0.130346
15 0.432308 0.485743 0.098462 0.107943
15 0.533846 0.562118 0.126154 0.130346
15 0.813077 0.644603 0.115385 0.185336
15 0.713077 0.544807 0.109231 0.112016
15 0.559231 0.398167 0.093846 0.087576
15 0.223077 0.133401 0.101538 0.079430
15 0.235385 0.231161 0.095385 0.046843
15 0.368462 0.290224 0.081538 0.124236
15 0.483077 0.301426 0.095385 0.093686
15 0.366154 0.181263 0.101538 0.073320
15 0.500769 0.131365 0.075385 0.059063
15 0.570769 0.169043 0.073846 0.093686
15 0.612308 0.318737 0.110769 0.091650
15 0.665385 0.187373 0.093846 0.134420
15 0.766923 0.274949 0.121538 0.089613
15 0.908462 0.353360 0.075385 0.136456
