15 0.303089 0.278351 0.050193 0.072165
15 0.399614 0.244845 0.057915 0.087629
15 0.503861 0.247423 0.057915 0.072165
15 0.613900 0.255155 0.038610 0.046392
15 0.706564 0.260309 0.046332 0.056701
15 0.806950 0.273196 0.038610 0.051546
15 0.903475 0.301546 0.030888 0.046392
15 0.299228 0.453608 0.034749 0.041237
15 0.399614 0.425258 0.050193 0.056701
15 0.503861 0.420103 0.057915 0.067010
15 0.722008 0.438144 0.030888 0.051546
15 0.820463 0.461340 0.050193 0.056701
15 0.932432 0.479381 0.042471 0.061856
15 0.299228 0.631443 0.050193 0.056701
15 0.397683 0.595361 0.046332 0.056701
15 0.501931 0.597938 0.046332 0.061856
15 0.610039 0.597938 0.038610 0.051546
15 0.706564 0.600515 0.054054 0.087629
15 0.806950 0.634021 0.046332 0.061856
15 0.907336 0.649485 0.046332 0.061856
15 0.274131 0.793814 0.038610 0.051546
15 0.409266 0.768041 0.038610 0.051546
15 0.509653 0.783505 0.038610 0.051546
15 0.606178 0.778351 0.038610 0.051546
15 0.712355 0.770619 0.042471 0.056701
15 0.806950 0.798969 0.038610 0.051546
15 0.905405 0.796392 0.042471 0.056701
15 0.283784 0.974227 0.034749 0.051546
15 0.380309 0.945876 0.042471 0.056701
15 0.488417 0.951031 0.034749 0.046392
15 0.785714 0.976804 0.042471 0.046392
15 0.681467 0.956186 0.050193 0.067010
15 0.606178 0.435567 0.030888 0.046392
15 0.577220 0.948454 0.057915 0.072165
