15 0.176692 0.228947 0.045113 0.057895
15 0.345865 0.228947 0.045113 0.057895
15 0.522556 0.231579 0.045113 0.063158
15 0.716165 0.231579 0.048872 0.063158
15 0.716165 0.357895 0.041353 0.063158
15 0.526316 0.360526 0.045113 0.057895
15 0.349624 0.355263 0.045113 0.057895
15 0.174812 0.363158 0.041353 0.052632
15 0.174812 0.486842 0.041353 0.057895
15 0.353383 0.481579 0.045113 0.068421
15 0.533835 0.489474 0.052632 0.063158
15 0.712406 0.502632 0.041353 0.057895
15 0.714286 0.636842 0.045113 0.063158
15 0.716165 0.771053 0.041353 0.057895
15 0.533835 0.750000 0.045113 0.057895
15 0.530075 0.618421 0.045113 0.068421
15 0.347744 0.613158 0.041353 0.057895
15 0.174812 0.615789 0.041353 0.052632
15 0.176692 0.747368 0.045113 0.063158
15 0.357143 0.739474 0.045113 0.057895
