0 0.13125 0.21094 0.05469 0.04531
0 0.29219 0.20781 0.05937 0.04844
0 0.45781 0.20781 0.05937 0.04531
0 0.61719 0.21563 0.0625 0.04844
0 0.77187 0.23125 0.05156 0.03906
0 0.77812 0.41563 0.05469 0.04219
0 0.61719 0.40781 0.05469 0.04531
0 0.45469 0.40313 0.05937 0.04844
0 0.28906 0.4 0.0625 0.04531
0 0.12812 0.40313 0.0625 0.04531
0 0.13125 0.59062 0.05469 0.04531
0 0.29531 0.59531 0.05937 0.04844
0 0.46094 0.59062 0.05156 0.04219
0 0.62344 0.59062 0.05469 0.04531
0 0.77812 0.6 0.05156 0.04531
0 0.77812 0.775 0.04375 0.03906
0 0.62656 0.775 0.05156 0.04531
0 0.46406 0.77969 0.05469 0.04531
0 0.30312 0.78281 0.05469 0.04219
0 0.14062 0.78281 0.05469 0.04531
