0 0.14375 0.6375 0.22187 0.13594
0 0.08594 0.50156 0.1875 0.10625
0 0.05156 0.3875 0.13437 0.10469
0 0.21875 0.8 0.20156 0.13906
0 0.29375 0.9375 0.18594 0.08906
0 0.73125 0.9375 0.18594 0.08906
0 0.64062 0.8 0.18125 0.12812
0 0.55625 0.65625 0.18125 0.12812
0 0.48125 0.50781 0.18125 0.12812
0 0.41094 0.36875 0.18125 0.12812
0 0.35 0.25469 0.14219 0.075
0 0.29531 0.19062 0.14219 0.075
0 0.24219 0.10625 0.14219 0.075
0 0.19531 0.0375 0.13281 0.05156
0 0.48438 0.0375 0.13281 0.05156
0 0.54063 0.09531 0.13281 0.05312
0 0.60938 0.15313 0.13281 0.05312
0 0.67656 0.24844 0.14219 0.09531
0 0.74062 0.375 0.14219 0.09531
0 0.81719 0.5 0.14219 0.09531
0 0.90625 0.62813 0.16875 0.12031
