0 0.17656 0.225 0.0625 0.04063
0 0.34531 0.225 0.0625 0.04063
0 0.51875 0.23125 0.0625 0.04375
0 0.71406 0.23125 0.0625 0.04375
0 0.71406 0.35781 0.05156 0.04375
0 0.525 0.35781 0.0625 0.04063
0 0.34531 0.35156 0.0625 0.04063
0 0.17188 0.3625 0.05156 0.0375
0 0.17188 0.48281 0.05156 0.04063
0 0.34844 0.47813 0.0625 0.04375
0 0.53281 0.48906 0.07344 0.04375
0 0.70937 0.5 0.05156 0.04063
0 0.71406 0.63125 0.0625 0.04375
0 0.71406 0.76719 0.05156 0.04063
0 0.53281 0.74687 0.0625 0.04063
0 0.525 0.61562 0.0625 0.04375
0 0.34531 0.60938 0.05156 0.04063
0 0.17188 0.60938 0.05156 0.0375
0 0.17656 0.74062 0.0625 0.04375
0 0.35625 0.73594 0.0625 0.04063
