0 0.48125 0.69531 0.13281 0.10312
0 0.54063 0.52812 0.13281 0.10312
0 0.60156 0.37031 0.13281 0.10312
0 0.65938 0.22812 0.13281 0.10312
0 0.70625 0.1 0.13281 0.10312
0 0.95 0.20781 0.13281 0.10312
0 0.91406 0.35469 0.13281 0.10312
0 0.86562 0.51094 0.13281 0.10312
0 0.81094 0.67031 0.13281 0.10312
0 0.75781 0.86406 0.13906 0.1125
0 0.41094 0.87656 0.13906 0.1125
0 0.07656 0.76875 0.14219 0.1125
0 0.15156 0.61406 0.14219 0.1125
0 0.22031 0.46094 0.13906 0.1125
0 0.28281 0.32656 0.12187 0.09062
0 0.34063 0.2 0.12187 0.09062
0 0.40313 0.07969 0.12187 0.09062
0 0.17031 0.10781 0.12187 0.09062
0 0.10938 0.22812 0.12187 0.09062
0 0.04531 0.36094 0.11875 0.09062
