0 0.475 0.56875 0.17188 0.10938
0 0.57656 0.40625 0.17188 0.10938
0 0.67656 0.26094 0.17188 0.10938
0 0.8 0.51875 0.14531 0.09688
0 0.75781 0.12812 0.13906 0.08281
0 0.61406 0.05469 0.12187 0.06563
0 0.52969 0.16875 0.12187 0.06563
0 0.43125 0.3 0.14844 0.08281
0 0.31875 0.44375 0.17188 0.09531
0 0.19219 0.61094 0.1875 0.11563
0 0.35 0.75938 0.1875 0.13281
0 0.18281 0.33437 0.16094 0.0875
0 0.29375 0.20312 0.16094 0.0875
0 0.17188 0.12344 0.16094 0.0875
0 0.06094 0.24531 0.15937 0.0875
0 0.27187 0.02813 0.15469 0.0375
0 0.05469 0.81875 0.14219 0.13906
