0 0.17656 0.125 0.075 0.03906
0 0.34531 0.125 0.0875 0.03906
0 0.52187 0.12969 0.09219 0.04688
0 0.71562 0.12187 0.08438 0.04219
0 0.17344 0.30469 0.0875 0.04688
0 0.34687 0.29219 0.08125 0.04219
0 0.52344 0.30469 0.0875 0.04219
0 0.71562 0.3 0.09219 0.05
0 0.17344 0.475 0.09219 0.04063
0 0.35313 0.46406 0.09219 0.05
0 0.53125 0.47969 0.0875 0.05
0 0.71406 0.49688 0.09375 0.05
0 0.17344 0.65938 0.0875 0.05469
0 0.34687 0.65 0.08438 0.04688
0 0.53125 0.65625 0.09688 0.04531
0 0.7125 0.68125 0.09219 0.05
0 0.17188 0.83125 0.09219 0.05156
0 0.35625 0.82656 0.09688 0.05
0 0.53438 0.83437 0.08438 0.04844
0 0.71562 0.86406 0.09219 0.04688
