0 0.36094 0.79688 0.20469 0.11719
0 0.13594 0.62656 0.15156 0.13594
0 0.29531 0.60469 0.1625 0.1125
0 0.14219 0.42031 0.14375 0.06563
0 0.29219 0.38438 0.15156 0.09688
0 0.43125 0.48438 0.12969 0.08125
0 0.53125 0.55937 0.16562 0.09688
0 0.81094 0.64219 0.15156 0.1375
0 0.71094 0.54375 0.14375 0.08281
0 0.55781 0.39687 0.12187 0.06406
0 0.22187 0.13125 0.13125 0.05937
0 0.23438 0.22969 0.125 0.03281
0 0.36719 0.28906 0.10469 0.09219
0 0.48281 0.3 0.125 0.06875
0 0.36562 0.18125 0.13125 0.05469
0 0.5 0.12969 0.09844 0.04219
0 0.56875 0.16875 0.09531 0.06875
0 0.61094 0.31719 0.14375 0.06875
0 0.66406 0.18594 0.12187 0.1
0 0.76562 0.27187 0.15781 0.06563
0 0.90625 0.35156 0.09844 0.1
