0 0.3 0.27813 0.06094 0.05312
0 0.39687 0.24219 0.07187 0.06563
0 0.50156 0.24688 0.07187 0.05312
0 0.6125 0.25156 0.04531 0.03438
0 0.70625 0.25625 0.05625 0.0375
0 0.80625 0.27187 0.04531 0.03438
0 0.90312 0.29844 0.03594 0.03438
0 0.29688 0.44844 0.04063 0.02656
0 0.39687 0.42188 0.06094 0.0375
0 0.50156 0.41719 0.07187 0.04531
0 0.72188 0.43281 0.03594 0.03438
0 0.81719 0.45781 0.06094 0.0375
0 0.92969 0.47344 0.05 0.04531
0 0.29688 0.62813 0.06094 0.0375
0 0.39375 0.59219 0.05625 0.0375
0 0.50156 0.59219 0.05625 0.04531
0 0.60938 0.59219 0.04531 0.03438
0 0.70625 0.59688 0.06563 0.06563
0 0.80625 0.63281 0.05625 0.04531
0 0.90625 0.64844 0.05625 0.04531
0 0.26875 0.7875 0.04531 0.03438
0 0.40469 0.7625 0.04531 0.03438
0 0.50938 0.77812 0.04531 0.03438
0 0.60469 0.77812 0.04531 0.03438
0 0.70937 0.76719 0.05 0.0375
0 0.80625 0.79375 0.04531 0.03438
0 0.90312 0.79375 0.05 0.0375
0 0.28125 0.97344 0.04063 0.03438
0 0.37812 0.94219 0.05 0.0375
0 0.48594 0.94844 0.04063 0.03438
0 0.78281 0.97344 0.05 0.03438
0 0.67812 0.95312 0.06094 0.04531
0 0.60469 0.43281 0.03594 0.03438
0 0.575 0.94844 0.07187 0.05312
